100 4
2 2 2 4 
0 5 1
10 12 3
18 19 4
16 20 1
9 13 1
14 18 4
2 6 1
3 7 4
11 14 1
23 0 1
19 0 1
4 6 4
7 10 1
6 8 3
2 4 2
12 15 1
1 3 4
1 3 3
18 21 3
9 12 1
0 3 3
19 22 3
8 10 4
13 16 3
15 18 1
23 3 3
2 3 4
12 16 4
0 6 4
19 21 4
6 13 4
14 18 1
13 14 1
0 2 2
8 12 2
1 4 2
16 18 3
16 21 3
20 22 4
13 15 2
7 10 3
13 18 2
16 20 1
2 6 4
1 3 4
18 21 2
13 16 2
2 6 1
15 18 2
4 8 4
7 11 4
11 13 4
4 7 3
17 20 1
16 18 2
14 17 3
8 12 2
2 6 4
8 13 2
12 16 2
8 11 1
9 13 2
7 9 4
0 3 3
8 10 3
6 10 2
5 7 3
8 13 1
15 18 2
5 7 2
3 7 4
9 13 3
12 15 3
14 15 2
4 7 4
14 17 4
8 10 1
16 18 1
4 9 4
22 1 1
4 6 3
12 16 3
14 17 1
18 23 4
13 16 1
16 17 4
5 9 3
19 22 1
8 11 1
2 4 1
4 7 4
22 1 1
22 1 4
7 9 4
4 6 2
22 1 1
23 2 3
15 18 1
23 2 3
2 4 4
