1000 6
2 6 2 4 5 4 
20 23 1
23 23 3
9 12 1
10 13 1
21 1 4
10 13 2
3 5 3
21 1 6
4 5 3
6 8 6
5 8 2
9 11 3
6 11 3
21 23 1
1 5 4
5 9 1
2 5 5
12 15 1
5 7 5
5 8 1
5 9 4
7 10 2
17 20 4
20 0 5
15 16 4
21 0 6
20 23 6
4 6 5
15 18 2
10 15 5
6 9 3
9 12 6
16 21 6
4 6 1
3 6 6
15 16 5
21 3 4
6 10 2
3 6 2
6 7 1
19 21 3
16 19 5
6 9 4
4 6 2
13 15 5
12 14 6
7 10 1
0 3 6
2 5 3
21 23 1
18 21 1
23 0 6
19 22 4
12 17 6
18 21 3
22 23 1
0 2 5
12 15 6
4 6 4
5 6 4
19 23 5
5 10 5
23 2 5
7 8 4
1 5 1
2 5 5
7 9 4
21 1 3
16 19 2
14 17 2
7 10 6
3 4 3
11 14 6
6 8 2
2 5 1
23 1 1
20 23 1
19 22 6
9 11 4
7 11 6
21 0 4
6 10 6
1 4 6
21 1 6
7 11 2
1 5 2
3 8 6
22 1 1
9 12 5
16 19 3
5 8 5
11 15 1
16 20 5
1 5 6
12 15 2
19 23 2
17 21 5
15 19 3
23 2 4
2 5 4
3 6 4
13 18 5
23 1 2
19 21 5
13 16 4
22 2 3
22 2 5
11 14 5
18 20 2
21 0 6
2 6 3
16 19 6
11 13 1
1 4 3
0 2 1
15 18 6
19 22 3
18 22 1
13 16 5
5 9 2
2 5 3
16 19 2
18 19 5
14 16 5
13 17 2
3 6 1
11 13 3
16 20 3
16 21 4
15 18 6
21 23 6
3 7 4
0 2 2
4 8 3
18 20 6
0 1 3
4 8 5
8 10 3
20 0 6
19 21 3
11 11 5
19 22 1
12 15 1
14 17 1
23 3 2
11 16 2
20 23 2
2 6 6
4 5 5
0 3 2
4 7 4
6 6 3
11 15 2
11 14 5
14 17 6
2 5 2
19 22 5
17 20 1
19 23 1
6 9 5
3 6 5
22 2 5
6 9 6
20 23 4
5 7 6
15 18 2
0 3 4
4 6 4
5 9 6
16 19 1
14 18 2
8 11 4
7 11 6
23 2 5
22 0 5
17 21 3
21 0 3
19 23 2
22 1 4
4 8 6
6 7 6
17 20 1
16 19 3
0 4 2
11 13 4
18 21 3
22 2 3
6 8 2
8 10 2
8 11 2
4 6 4
16 20 4
1 3 1
14 19 5
11 14 3
23 2 2
0 2 6
14 17 4
8 12 5
3 5 4
11 14 3
19 22 5
15 17 6
11 13 1
9 11 4
1 5 2
0 2 6
21 0 6
15 17 1
6 9 6
5 8 3
0 1 1
4 8 6
11 14 6
5 7 3
13 16 6
5 6 2
16 18 2
5 7 3
10 13 2
22 2 2
7 10 3
7 12 5
23 3 4
16 19 3
10 13 4
12 15 6
15 18 5
4 9 1
0 3 6
2 4 6
22 1 1
23 1 6
3 7 5
9 12 4
15 19 1
18 21 2
6 10 4
3 6 2
5 7 2
19 21 1
16 18 6
1 3 3
0 1 6
10 13 1
1 3 4
7 10 6
9 12 5
23 2 5
10 15 3
20 0 3
13 15 4
9 11 2
1 5 4
3 6 1
3 5 2
17 20 3
16 19 1
23 2 4
12 15 5
12 15 1
2 6 1
21 0 6
22 0 2
2 6 2
21 0 4
3 4 6
12 17 6
1 3 6
20 23 3
2 4 6
20 0 1
13 15 5
22 2 3
12 15 6
3 6 5
22 0 5
2 4 2
9 12 1
13 16 4
2 6 2
9 12 5
13 17 1
0 3 4
4 7 5
6 11 3
6 8 4
7 9 2
9 10 2
10 11 4
10 15 1
12 15 1
14 20 5
6 8 1
16 19 5
14 17 3
17 21 4
13 16 4
18 22 5
8 11 6
17 22 1
12 15 2
22 2 1
20 0 1
9 10 5
20 21 6
3 7 3
20 1 2
5 9 4
10 13 1
6 9 2
15 19 5
20 1 1
22 23 2
15 18 5
6 7 1
21 1 2
18 21 3
1 3 5
8 11 3
13 15 5
17 20 2
13 19 5
2 6 4
7 8 2
21 23 6
13 13 4
7 8 3
20 22 1
16 20 2
13 16 6
0 1 3
0 3 3
15 18 4
5 8 3
3 7 1
3 8 2
9 14 5
17 18 5
5 7 5
13 17 2
15 19 2
15 19 4
20 0 3
23 2 5
14 17 3
19 22 4
22 1 2
5 5 2
6 11 4
4 8 5
9 13 2
8 12 5
4 6 5
2 4 2
12 15 3
17 18 6
8 10 5
13 16 6
0 4 3
23 1 5
14 17 3
22 0 3
10 13 2
18 23 6
8 12 4
2 4 1
18 23 6
6 8 3
20 22 2
15 19 2
9 13 2
6 8 2
17 19 5
23 4 5
4 7 3
22 0 3
11 14 5
0 4 4
2 5 6
0 3 2
14 18 2
22 23 1
1 4 6
9 14 4
11 13 6
16 16 1
22 1 3
10 14 6
6 9 3
1 5 2
11 12 4
12 16 2
18 20 3
0 3 4
21 22 4
13 17 4
6 9 3
8 10 2
3 7 3
4 6 2
13 17 1
4 7 3
23 2 1
23 23 5
17 20 1
8 11 1
20 23 6
11 14 5
5 7 3
7 10 3
23 2 2
13 16 1
18 19 3
15 18 3
22 1 4
18 21 6
18 22 4
15 16 2
20 0 6
0 2 3
21 23 2
2 5 5
20 0 4
13 15 6
14 16 6
5 6 2
17 21 2
12 15 2
1 5 5
10 13 3
18 21 2
23 0 1
22 2 2
0 5 2
3 6 3
16 19 6
4 8 4
13 16 6
11 14 6
10 14 5
0 3 3
19 23 1
0 2 6
18 21 5
10 14 6
1 5 1
23 1 4
1 4 4
1 5 3
3 6 6
14 17 4
6 9 3
23 2 1
3 6 3
18 23 5
6 9 2
7 10 1
16 20 1
22 1 2
9 13 5
10 12 5
12 14 4
2 5 5
17 20 2
21 0 1
1 5 5
15 17 1
17 21 3
18 21 6
0 2 4
1 4 3
5 8 1
16 18 4
19 0 2
11 12 1
7 9 1
21 23 1
13 14 5
7 11 6
2 4 5
14 15 4
10 14 2
1 1 2
17 19 4
11 14 5
7 10 3
18 21 3
9 12 5
20 22 4
15 19 2
5 9 3
3 5 4
7 9 4
12 15 4
21 0 2
19 21 4
23 3 5
3 5 3
9 11 2
6 11 1
20 23 1
1 4 6
0 2 5
11 14 4
18 21 2
14 17 6
22 1 1
22 0 6
4 6 6
2 5 6
4 6 5
4 8 2
19 21 6
8 11 2
19 21 2
12 15 4
3 5 2
12 14 6
15 18 6
21 1 3
13 16 3
3 5 2
8 10 5
10 13 1
23 4 4
17 20 5
1 4 5
22 2 3
12 14 4
9 11 3
14 18 3
23 1 5
4 6 5
5 9 6
21 2 2
9 13 4
20 22 3
14 16 6
14 19 4
3 8 5
4 6 1
19 21 4
20 21 6
10 13 2
6 10 4
16 19 3
1 6 2
1 5 6
12 13 2
0 3 4
4 7 3
1 3 2
8 9 6
0 2 4
10 11 1
23 2 6
12 15 4
6 8 1
16 19 3
5 9 4
11 14 6
10 14 5
16 19 4
15 17 5
16 21 3
3 6 3
11 14 2
15 19 2
2 7 6
0 2 4
8 10 1
5 9 6
18 21 3
6 7 1
18 22 3
10 13 6
21 23 6
20 0 6
12 14 4
8 12 6
2 3 4
2 7 2
18 22 6
17 20 5
15 17 1
13 16 5
22 0 5
15 18 6
1 2 6
10 14 2
15 19 6
22 2 3
23 0 1
22 2 1
20 22 4
3 7 3
18 20 4
5 8 2
4 7 2
8 11 4
11 13 3
1 4 1
3 5 6
18 20 2
9 11 3
3 7 2
6 9 5
15 18 1
4 8 6
15 19 2
11 13 2
4 7 4
15 18 1
23 2 2
15 18 5
10 14 5
10 13 4
21 0 2
16 17 3
13 17 6
3 6 5
14 17 4
19 22 4
23 2 5
10 13 2
13 16 6
0 3 3
3 4 3
14 17 2
22 1 2
0 2 1
22 2 6
14 17 2
3 8 6
14 15 1
22 2 5
13 17 4
4 7 2
5 8 2
13 14 6
14 18 2
23 1 1
1 3 2
5 9 1
11 13 2
2 4 2
13 15 3
10 13 1
11 14 2
3 6 2
10 13 4
18 22 5
22 0 5
10 12 6
20 0 3
20 0 1
1 3 1
23 2 1
18 22 1
19 21 5
22 1 6
9 10 4
5 8 3
16 20 2
15 18 2
13 16 6
10 13 2
13 16 5
5 8 4
5 10 3
18 22 3
19 22 5
18 22 1
13 16 6
18 23 5
0 6 5
7 9 5
10 13 4
9 12 5
23 1 1
16 21 1
8 10 1
0 1 2
18 21 3
8 10 5
20 23 1
4 8 4
9 12 3
23 2 3
4 7 6
6 8 3
16 20 2
2 5 2
14 16 4
12 17 6
9 12 4
19 22 4
9 11 5
6 8 6
1 5 5
5 9 4
19 23 1
15 18 3
5 7 6
15 17 4
10 12 2
10 14 3
12 15 3
11 13 2
23 4 5
13 17 6
15 17 4
14 18 3
10 13 2
8 12 2
10 11 6
16 19 2
17 19 1
12 14 5
1 5 3
0 3 5
5 8 1
0 2 6
6 8 1
7 10 6
2 7 4
17 19 1
6 8 3
9 12 6
22 22 2
14 17 6
13 16 4
9 11 3
7 11 2
14 16 2
22 1 2
13 16 2
0 4 3
22 1 5
16 20 4
2 4 3
11 17 3
20 23 4
0 2 3
4 6 3
13 17 4
4 9 3
4 8 3
11 15 3
5 8 2
11 14 1
17 19 1
21 1 2
17 21 4
20 22 3
0 4 3
11 14 6
3 5 3
7 12 2
3 5 5
0 2 5
8 11 6
3 5 6
14 17 5
15 17 6
6 9 3
11 13 3
19 22 6
5 8 5
14 16 2
6 8 3
13 16 2
20 23 1
22 1 3
17 20 4
13 17 3
11 13 6
6 8 3
12 16 5
0 3 3
20 21 1
11 15 3
2 7 6
5 9 4
12 13 5
12 15 5
17 20 2
14 17 2
15 18 2
2 4 1
15 20 5
1 4 4
23 3 4
5 9 2
21 23 1
18 21 2
17 21 4
20 23 2
22 1 2
17 21 5
11 14 1
3 7 5
12 15 5
7 10 6
4 9 2
21 0 5
12 14 2
7 11 4
5 6 4
16 19 5
23 3 2
19 21 3
11 13 2
12 15 2
3 4 6
4 8 2
18 20 3
2 7 2
3 6 3
9 11 5
2 5 5
2 5 6
11 14 5
0 2 1
19 21 5
3 6 1
14 17 6
20 23 6
13 15 6
2 6 5
22 1 4
11 15 4
0 3 6
18 21 1
17 22 4
3 6 6
7 12 4
15 16 1
1 4 6
0 2 2
10 13 6
17 18 5
9 13 2
21 22 5
10 12 2
21 0 2
12 15 1
2 5 6
13 17 5
10 14 6
8 11 1
2 3 1
8 12 4
14 16 4
22 1 1
17 20 2
2 4 3
9 10 6
2 5 1
7 10 6
4 8 3
5 8 1
3 5 3
11 13 2
0 2 6
17 22 1
6 8 2
7 8 6
15 16 1
18 21 4
6 10 5
16 19 5
11 14 4
13 16 5
3 5 4
21 2 2
15 18 6
16 19 2
5 9 5
8 11 5
2 5 1
7 10 6
10 14 4
18 22 6
10 15 3
2 6 2
3 6 3
16 18 5
20 0 3
15 18 3
14 18 6
2 6 4
14 18 3
1 6 3
4 6 6
16 19 2
21 23 6
5 8 2
11 16 4
23 2 1
1 5 3
7 11 5
21 22 2
18 20 1
21 1 6
12 15 6
5 9 3
22 0 6
0 2 1
14 18 3
15 18 6
11 14 5
6 8 1
11 14 5
11 13 4
7 10 1
6 10 5
16 17 5
5 8 5
8 11 6
6 8 4
18 21 2
19 1 1
13 16 5
15 18 6
19 22 1
11 15 4
10 13 5
7 8 2
10 13 5
2 5 5
9 11 2
10 13 3
21 0 2
11 15 6
14 18 1
13 16 5
2 5 4
19 21 5
5 7 1
7 10 1
11 13 6
14 18 1
22 1 5
22 1 2
14 16 3
13 15 5
20 0 3
1 3 2
21 1 5
23 3 1
2 4 5
14 16 1
1 3 3
20 22 3
23 3 4
1 4 3
12 16 2
23 3 1
23 2 3
13 16 5
3 6 2
9 13 5
4 6 6
1 3 1
18 20 3
18 21 6
17 20 3
14 19 6
2 6 3
23 0 3
6 9 3
19 23 1
8 10 5
5 8 6
9 13 6
10 14 5
8 10 5
23 4 3
13 15 1
20 0 3
21 1 5
17 21 4
16 19 5
19 23 3
6 10 5
12 16 3
14 18 5
10 13 6
2 4 4
22 1 4
2 5 4
22 1 4
8 11 1
6 9 1
18 20 1
6 9 5
8 12 3
10 12 4
