1000 8
2 1 3 8 4 2 3 8 
8 12 8
6 7 4
21 23 4
19 22 8
21 0 4
14 16 1
6 11 3
9 12 1
10 13 8
2 6 7
11 16 5
23 3 3
13 14 6
6 7 6
10 12 8
23 2 7
19 22 7
2 6 8
8 13 6
3 6 5
9 11 8
9 13 6
3 7 3
16 19 3
23 1 1
4 7 2
21 22 1
10 11 1
11 13 8
9 10 7
19 23 8
8 11 7
16 20 2
0 3 8
7 9 8
1 3 4
17 21 4
16 19 2
7 9 2
4 8 4
11 15 7
4 7 7
19 22 3
2 3 7
10 14 8
2 5 6
15 17 4
0 3 7
21 1 3
22 2 8
17 21 2
8 11 6
6 10 5
23 2 5
1 3 3
3 7 4
9 10 1
14 16 4
2 3 4
7 11 5
9 13 7
19 22 3
1 3 6
4 8 2
2 5 3
19 22 2
7 11 4
1 6 3
3 6 3
23 2 4
5 8 3
19 22 3
9 13 1
18 22 7
7 10 3
5 9 5
11 13 5
3 6 5
21 1 4
22 2 1
16 20 5
22 0 5
5 7 1
9 13 1
2 6 1
8 11 1
20 1 4
11 14 1
8 11 4
22 1 6
22 1 2
20 23 3
19 0 2
15 17 6
2 4 8
9 12 7
2 6 4
22 2 8
3 5 7
7 10 7
23 1 3
23 2 6
11 13 2
16 19 4
4 7 7
15 18 6
16 19 1
5 8 2
11 12 7
13 19 1
9 10 1
22 2 7
2 4 1
3 6 8
10 15 5
11 13 4
14 17 2
1 4 7
16 18 4
7 9 8
10 13 8
9 14 8
18 21 3
16 20 6
0 3 1
22 0 8
21 1 4
19 22 6
1 5 3
8 11 8
19 21 1
19 22 7
18 20 2
15 19 8
1 5 4
11 14 7
6 7 2
21 1 5
3 8 6
22 2 5
9 12 3
17 19 7
1 5 5
7 10 4
15 17 3
17 21 4
8 11 2
9 12 6
8 13 5
15 18 6
13 16 3
5 7 4
15 18 3
16 20 5
23 0 6
0 3 8
13 16 1
8 11 5
11 15 4
7 10 6
1 5 6
0 3 3
16 19 8
21 1 7
4 8 7
0 4 7
2 5 1
1 4 7
14 18 7
15 19 4
2 5 2
11 14 1
6 10 1
10 12 8
8 11 8
13 16 4
7 9 3
19 23 2
10 14 4
15 18 4
23 2 4
5 9 3
8 11 7
0 2 3
3 6 3
13 15 5
16 20 2
23 2 6
14 17 8
14 18 8
9 12 2
6 9 2
1 5 8
11 14 7
21 0 3
8 13 1
6 9 1
12 15 3
19 23 5
8 11 2
21 1 2
8 9 6
11 13 4
14 18 1
11 14 3
13 16 2
20 23 4
2 7 8
6 10 3
17 20 8
0 3 5
16 19 1
3 7 6
19 21 1
7 9 8
2 5 4
21 0 7
21 23 8
20 0 5
22 0 8
21 1 5
7 9 4
0 3 2
4 6 1
8 10 2
19 23 2
7 8 3
10 13 1
1 3 8
9 15 2
22 1 8
15 17 8
16 18 3
14 16 2
21 23 6
12 15 4
13 14 6
2 4 2
19 22 4
5 8 2
23 2 4
22 2 1
12 15 8
0 2 7
17 20 8
16 18 3
8 11 4
7 12 7
6 7 8
10 13 7
9 12 4
1 4 6
2 6 8
12 13 4
15 16 7
14 17 4
23 3 4
13 16 3
12 14 6
17 20 6
21 2 7
11 14 5
17 19 7
1 5 1
14 17 5
1 4 7
16 20 8
11 16 2
21 0 4
8 11 4
21 0 3
8 12 1
6 11 1
14 16 4
12 15 2
4 7 7
20 23 2
15 18 6
3 8 7
6 11 3
9 12 1
23 2 5
0 4 6
19 21 2
11 14 2
9 13 7
0 3 8
11 13 6
6 9 8
14 17 5
15 19 4
7 10 6
11 14 2
4 7 1
15 17 7
2 5 4
12 15 7
3 7 5
17 20 6
0 5 8
17 20 6
3 6 2
7 10 8
6 8 3
3 6 6
10 14 1
19 0 8
8 10 2
3 7 5
20 0 4
3 6 5
5 8 6
4 8 2
18 20 7
5 6 4
19 22 4
13 16 8
7 10 1
8 12 1
17 19 4
19 20 8
15 19 5
2 6 7
11 13 4
22 3 2
6 10 2
16 19 2
11 14 7
2 5 6
9 12 7
5 9 6
9 10 6
5 8 1
18 21 5
14 15 5
8 10 4
10 12 4
19 23 1
2 5 8
9 13 4
10 13 4
20 23 8
10 14 4
7 9 3
3 8 1
3 6 4
18 22 6
14 18 7
8 13 7
13 17 4
22 2 4
14 16 5
23 3 7
11 14 6
22 3 7
15 19 4
15 19 1
4 7 6
11 14 1
18 23 3
12 15 8
10 15 2
4 7 8
1 4 4
19 22 4
0 1 7
11 14 4
11 13 1
13 15 7
12 15 3
5 8 1
18 22 6
11 14 7
9 13 8
4 9 4
16 19 7
2 4 8
5 8 7
6 10 2
5 8 3
0 1 1
16 20 1
16 19 8
17 19 7
0 5 5
6 8 8
23 1 2
19 22 3
4 7 4
14 19 8
18 21 6
14 17 4
4 8 3
5 9 4
1 4 1
17 20 5
20 20 4
17 18 1
17 20 6
0 2 7
6 10 2
3 6 3
8 10 4
20 22 7
6 9 4
5 7 8
16 19 5
4 6 8
16 20 3
7 9 2
17 19 8
6 11 2
4 6 6
16 17 7
4 7 4
1 5 2
1 3 4
7 9 5
3 5 5
14 17 7
3 8 7
7 12 6
19 22 6
18 19 4
12 16 7
20 23 1
16 18 2
15 19 2
7 8 4
19 23 2
4 7 2
7 11 7
14 17 3
7 12 2
18 21 7
9 10 3
9 11 1
13 16 1
4 7 8
13 17 3
2 7 6
3 5 7
6 9 6
15 19 7
0 2 3
21 23 1
2 6 8
17 19 8
12 15 4
13 15 4
11 15 3
5 7 7
0 3 6
23 1 3
7 10 1
14 16 1
15 18 5
18 22 6
22 23 7
5 8 2
23 2 2
13 17 6
13 16 4
20 0 8
2 5 4
8 12 2
22 1 3
9 13 7
13 16 3
22 0 4
23 1 1
13 17 3
19 21 5
9 14 4
9 10 5
20 22 3
4 7 5
15 18 4
7 10 2
12 14 6
3 7 8
23 2 4
20 22 6
23 2 2
12 14 6
3 7 4
6 10 3
9 12 5
15 16 4
19 0 4
18 21 6
20 23 4
20 21 6
22 1 7
16 19 8
2 4 7
23 1 5
23 2 4
11 14 5
11 14 6
21 0 5
16 19 4
9 12 6
2 6 5
8 9 3
1 4 4
23 2 8
10 13 4
19 22 2
15 19 4
14 16 4
20 0 6
21 23 8
8 11 3
18 22 3
23 3 2
14 17 2
2 4 8
23 22 5
9 12 6
14 16 4
3 5 7
12 15 4
11 15 3
22 1 1
16 19 8
4 7 8
11 15 7
23 1 2
23 23 6
1 4 5
19 21 1
11 13 4
7 12 6
16 20 8
23 1 7
2 6 8
17 20 1
17 20 3
13 18 4
23 3 3
7 9 3
5 10 6
21 1 8
6 10 7
18 21 5
18 21 2
10 14 7
5 9 7
23 3 1
21 0 1
21 0 8
12 15 4
0 1 6
0 3 2
1 6 1
22 1 7
2 5 2
10 12 6
0 3 7
2 5 5
13 15 7
22 1 4
15 17 6
23 0 4
15 19 4
13 16 5
13 15 7
18 20 7
4 9 7
21 23 1
18 21 3
10 14 6
8 11 8
18 20 6
18 22 3
9 11 5
4 8 1
6 8 2
15 15 3
17 20 5
14 15 3
11 14 6
7 9 3
7 11 4
20 0 4
10 15 1
2 6 8
19 22 8
20 1 7
0 3 4
22 0 5
0 3 5
18 21 1
4 8 5
16 18 5
20 22 3
12 15 7
12 13 1
23 1 1
8 11 6
0 0 7
18 22 3
9 12 1
10 13 3
13 16 7
8 13 8
10 12 3
2 6 6
4 7 8
10 12 5
17 20 2
18 19 1
21 0 6
18 22 7
8 12 7
10 13 2
13 16 7
11 17 8
20 22 7
7 10 8
4 7 6
5 7 2
12 15 5
9 12 2
1 3 4
21 22 3
2 4 7
3 5 2
23 2 5
6 9 3
5 7 3
1 3 7
5 7 2
11 14 5
11 14 2
6 8 8
23 3 1
15 18 5
9 13 3
13 16 7
3 5 1
3 4 4
9 11 4
5 8 6
16 20 5
16 20 6
14 19 2
11 13 5
23 1 4
22 1 3
14 18 7
14 17 2
18 20 3
21 1 8
6 10 8
15 19 6
9 13 4
8 13 6
15 18 5
9 13 4
1 4 6
12 15 3
18 22 1
6 10 1
17 20 2
1 5 2
1 2 7
2 7 3
23 4 3
3 7 6
13 15 1
19 23 1
8 12 8
6 8 1
23 2 8
2 4 2
12 17 1
0 4 7
12 14 2
10 13 2
1 3 5
17 20 8
2 4 6
17 20 3
13 16 5
0 4 3
21 0 6
6 10 1
19 20 3
20 0 2
17 19 1
7 10 2
14 16 7
19 23 6
1 4 3
22 1 3
6 9 6
1 6 7
10 12 6
2 7 5
8 11 7
15 18 3
13 18 7
12 18 2
5 8 8
9 12 7
2 4 1
14 17 6
6 9 6
17 20 7
14 15 4
1 5 3
9 12 8
1 3 4
18 22 3
5 8 5
4 10 3
22 2 7
23 2 8
2 6 5
12 17 2
4 8 4
20 22 7
15 16 5
6 9 1
19 21 6
6 8 7
5 8 2
17 20 6
3 6 4
12 15 7
19 22 8
20 23 8
9 11 1
15 17 7
11 14 1
22 2 3
22 0 1
12 15 4
7 12 8
17 21 4
7 10 2
4 8 2
0 4 1
2 6 2
12 15 1
5 7 4
21 1 7
6 9 7
22 2 8
6 8 5
13 17 4
23 1 1
12 14 5
14 20 8
10 14 4
8 12 8
18 20 2
9 13 6
12 17 7
11 14 4
1 4 3
13 15 4
2 4 5
17 20 4
8 12 3
20 23 2
13 17 8
11 16 6
3 7 4
6 8 8
3 6 7
17 20 5
1 6 8
12 15 6
22 1 2
22 2 5
6 8 5
19 22 1
0 2 7
13 14 3
21 23 8
19 23 1
5 8 4
8 12 2
13 15 7
1 3 4
14 17 5
2 6 5
21 0 2
16 20 5
15 16 3
22 1 4
18 21 3
10 10 2
16 19 4
7 11 5
3 5 2
11 13 2
18 21 1
12 16 2
3 6 2
6 10 2
9 12 2
18 21 7
11 15 2
0 1 5
8 11 4
12 15 8
15 18 4
17 20 5
2 4 5
8 11 2
20 22 6
8 11 3
8 11 5
23 4 8
5 8 7
22 2 7
3 6 2
10 13 1
2 3 1
1 5 6
14 16 1
1 4 4
23 2 3
12 16 6
9 13 1
3 6 5
5 8 8
3 6 4
6 9 1
4 7 1
7 8 3
1 3 3
17 19 3
5 8 6
1 5 6
10 13 6
18 20 6
14 17 5
18 22 6
4 8 7
23 2 7
5 8 2
2 3 3
9 14 5
9 12 4
22 1 1
6 9 7
19 21 8
17 20 3
17 21 5
2 6 5
15 19 5
16 19 6
20 22 1
12 16 1
1 5 1
21 0 7
10 13 8
20 0 4
3 6 5
8 13 4
23 2 4
23 3 1
3 7 5
17 19 6
5 7 2
23 1 5
0 3 4
22 2 1
14 16 2
9 12 6
13 15 7
7 11 1
10 14 5
18 21 4
7 10 6
5 7 8
22 23 5
8 9 6
9 15 8
20 23 7
16 19 4
11 15 4
11 15 4
17 20 1
16 20 7
16 18 6
7 11 8
4 7 5
0 2 2
16 19 5
0 5 6
21 0 6
6 10 7
14 18 8
6 8 2
10 14 4
10 13 6
16 19 6
5 9 7
23 2 4
21 0 2
12 15 3
23 1 5
9 12 2
6 9 8
21 0 7
7 9 2
22 1 2
8 10 7
21 1 8
17 21 1
2 6 6
11 15 1
20 0 2
18 20 7
13 15 7
1 4 2
20 23 3
20 21 7
12 13 8
13 16 3
21 1 2
5 9 6
15 18 5
21 23 3
21 1 5
5 8 5
11 13 7
20 0 2
8 11 1
11 15 5
23 2 5
6 9 1
7 10 5
13 15 7
6 11 1
5 8 7
9 13 3
22 1 7
10 11 2
4 8 3
7 11 5
22 1 4
6 8 8
21 0 8
2 7 2
18 21 8
23 2 5
2 6 1
10 14 4
1 3 4
20 23 5
2 5 6
10 12 6
14 17 4
21 0 6
16 18 6
19 20 3
16 19 4
23 1 5
1 3 1
14 17 4
10 14 8
7 12 4
1 6 1
2 6 7
11 13 5
14 16 7
8 9 7
8 11 6
21 22 4
22 1 8
1 3 3
7 11 2
18 22 1
5 8 2
22 1 6
5 8 4
23 2 1
5 9 7
4 6 5
7 11 6
1 4 3
13 15 1
21 23 4
18 22 1
7 9 1
23 3 4
5 8 5
22 0 1
7 10 1
8 11 7
0 3 2
10 12 3
23 1 7
