1000 10
7 3 4 5 3 6 2 9 4 3 
22 1 9
1 4 7
2 4 4
5 8 5
0 2 5
12 15 3
11 15 8
11 14 5
11 13 8
3 7 5
6 8 1
10 13 7
10 13 7
21 0 1
13 16 8
11 14 8
11 15 3
1 2 10
10 11 7
10 13 6
0 5 4
18 22 4
14 18 2
11 13 7
16 18 1
13 17 6
18 23 7
9 12 3
16 19 9
18 23 8
10 13 2
23 2 4
21 23 7
18 22 2
19 22 8
6 9 10
4 6 9
13 16 5
19 22 1
7 10 2
3 7 8
11 14 4
1 3 3
13 15 3
19 22 4
3 3 5
23 1 7
3 5 10
19 23 2
14 17 3
10 13 9
16 19 6
15 16 4
22 1 10
19 21 10
2 5 7
9 13 7
22 1 5
12 15 5
10 12 5
23 2 7
13 15 8
14 16 7
16 20 1
3 3 2
3 6 1
20 0 3
5 9 10
14 16 4
3 6 10
8 12 9
19 22 5
17 21 4
20 23 2
21 0 9
21 1 10
5 7 6
9 12 10
16 21 8
7 9 1
23 3 5
16 19 5
14 18 6
15 17 1
18 21 8
17 19 5
13 18 2
2 7 4
7 10 3
5 9 10
23 2 2
4 7 2
1 4 1
19 22 8
1 3 3
14 17 9
9 12 3
4 6 3
21 1 6
13 16 8
7 10 4
0 3 3
12 16 5
5 7 5
13 15 7
21 1 4
3 6 8
21 21 7
15 17 3
6 10 6
1 2 9
3 7 7
15 17 5
18 21 10
17 21 5
18 20 2
12 17 9
8 11 2
13 18 9
18 20 1
14 16 10
17 21 7
16 18 5
11 14 6
10 14 8
22 1 9
9 12 3
20 23 2
21 1 5
12 16 2
20 22 1
3 7 2
12 15 8
0 4 1
13 17 5
16 19 1
18 0 2
16 18 1
18 20 5
22 2 2
0 3 9
16 18 8
14 15 7
22 23 9
21 0 7
0 1 8
0 4 3
10 13 7
2 5 7
2 5 8
2 6 2
12 15 10
0 3 5
11 13 1
17 20 1
23 1 7
22 2 9
4 8 4
17 22 1
14 19 4
14 17 4
5 8 1
11 14 6
20 23 9
21 0 5
21 23 4
12 17 6
23 2 3
8 12 7
15 19 7
20 22 8
17 20 6
17 20 3
9 12 3
22 0 8
13 16 2
18 20 8
5 8 1
14 17 9
22 1 4
21 0 4
2 7 9
1 5 1
13 16 8
20 22 3
1 5 7
16 20 10
15 19 5
0 3 4
13 16 1
14 17 6
5 7 6
20 23 5
0 2 7
9 13 4
17 19 5
18 20 5
19 22 2
3 7 9
3 5 9
18 21 6
10 13 8
3 6 5
10 13 4
6 7 5
7 10 10
23 0 7
16 19 1
0 3 5
0 0 2
13 16 10
3 7 10
22 2 2
19 0 9
23 1 7
9 13 8
13 18 10
6 10 6
13 14 5
4 6 6
1 6 9
22 1 9
12 17 5
13 18 2
15 20 3
0 3 4
9 12 5
23 3 8
22 1 2
23 3 6
9 12 9
22 1 4
23 0 1
16 18 10
8 10 3
0 6 2
9 11 8
18 19 2
11 16 3
20 23 9
19 23 2
5 10 5
9 11 9
0 3 2
15 18 6
14 18 3
19 22 9
2 4 1
23 2 6
4 8 9
7 11 5
13 17 2
5 8 2
19 22 6
2 4 9
4 8 1
3 5 1
2 5 8
2 5 2
21 0 2
8 10 10
20 23 3
3 6 9
20 0 9
10 12 5
3 6 6
12 15 4
1 5 8
6 8 4
6 8 6
21 0 10
22 1 6
2 5 7
19 23 3
23 1 9
4 7 2
3 7 1
5 8 5
1 4 3
1 5 7
16 19 8
17 19 4
9 12 1
9 12 2
12 15 1
15 19 8
17 20 6
15 18 7
20 22 7
6 9 1
11 13 2
7 11 8
6 9 1
23 2 1
10 13 6
11 14 3
7 9 7
18 21 6
16 18 3
14 17 10
5 7 1
14 18 10
16 19 4
23 2 5
17 21 3
20 23 4
5 5 10
20 23 7
20 23 7
18 21 7
21 22 1
18 22 10
16 18 3
2 4 8
20 23 1
21 0 7
20 23 8
5 8 5
23 1 9
3 7 7
0 2 5
0 3 7
7 11 7
2 5 8
21 23 10
14 16 6
15 19 4
12 16 5
22 1 7
7 9 4
8 9 4
18 21 7
0 3 9
1 4 5
10 13 1
10 12 9
21 0 3
11 14 4
17 21 6
16 20 5
17 20 10
15 17 2
18 22 4
15 18 4
2 4 7
6 8 10
9 12 8
22 0 1
12 14 5
19 20 1
11 13 10
17 20 2
19 21 3
14 17 5
19 23 2
0 3 1
4 7 10
6 9 9
21 0 5
9 11 2
13 16 2
7 12 10
23 0 7
17 20 7
3 4 5
11 14 1
9 11 5
13 16 7
20 22 6
6 8 7
11 13 6
18 22 6
21 0 9
1 3 8
6 10 4
12 15 2
22 2 3
22 1 7
17 20 6
23 2 1
18 20 7
22 1 10
11 14 10
5 8 9
10 12 10
22 1 6
17 21 9
7 10 6
6 10 9
22 0 3
8 12 9
9 12 2
3 7 1
1 2 5
1 3 8
1 4 5
15 19 3
2 3 5
13 17 6
20 23 2
16 19 1
17 21 10
14 18 8
18 21 4
17 20 4
19 22 3
19 21 5
23 1 4
5 8 7
19 20 2
5 8 2
22 0 4
13 17 2
9 13 2
4 6 10
9 12 4
12 16 4
23 2 8
12 13 10
13 15 3
4 6 4
13 17 9
23 2 6
18 22 6
9 11 9
20 23 9
10 15 7
9 10 2
8 11 4
18 20 4
4 6 2
1 4 2
21 2 5
7 11 3
6 8 6
23 1 6
13 15 8
8 12 10
23 3 3
10 13 2
7 11 8
0 3 3
5 7 9
4 6 7
5 7 9
3 6 6
21 0 1
15 18 7
11 13 5
2 6 10
3 6 1
23 1 5
19 21 9
16 19 7
4 7 3
21 23 8
21 0 1
0 3 5
2 5 2
0 3 1
18 20 9
19 22 1
10 15 4
11 15 4
4 7 1
23 1 2
11 14 7
10 13 7
3 6 3
23 2 9
19 21 1
2 5 1
23 3 3
19 22 9
9 12 1
5 9 8
7 10 4
15 18 9
9 13 9
9 12 5
19 22 8
5 7 2
9 11 3
16 20 7
22 1 10
2 5 1
14 16 1
2 3 8
0 2 9
21 23 3
4 7 3
3 6 10
17 19 1
8 12 7
5 8 2
1 5 8
15 18 7
14 20 1
14 19 8
11 14 1
19 0 3
11 13 9
16 17 10
14 17 9
14 18 5
12 15 1
15 19 3
9 14 1
1 5 6
16 19 3
15 19 2
15 18 3
15 18 4
16 20 1
6 8 4
23 1 10
18 20 9
0 3 6
8 10 6
19 22 3
6 11 8
13 17 1
22 0 5
23 2 3
3 6 8
20 1 7
16 17 2
6 10 2
16 19 5
10 12 8
6 10 3
19 22 2
2 6 3
20 23 5
13 16 3
20 21 8
8 12 10
19 23 5
20 23 3
22 1 7
22 0 9
14 18 1
16 18 8
1 5 4
10 14 4
11 14 3
16 20 7
13 15 5
13 18 1
0 2 4
8 12 5
9 12 3
10 16 7
5 7 7
5 9 6
15 17 10
8 10 7
8 12 3
23 3 4
4 6 5
2 6 10
5 7 1
14 17 8
0 2 2
18 21 10
9 10 9
6 9 3
19 23 10
5 7 4
13 14 3
3 8 1
19 22 10
2 4 8
11 16 5
20 23 4
7 9 8
17 20 6
20 22 3
23 0 9
13 15 10
22 1 1
18 21 7
17 21 10
14 17 3
9 13 6
11 13 9
7 10 3
9 13 4
23 1 5
11 13 8
3 8 10
4 8 5
18 21 8
20 1 3
13 18 10
3 5 10
2 5 7
3 6 5
13 15 9
19 23 5
2 6 5
6 10 3
15 18 7
13 17 1
4 6 5
10 14 8
3 5 8
7 10 10
9 14 2
17 19 2
15 18 7
2 5 5
8 11 6
21 1 3
1 4 2
12 15 10
4 5 1
23 3 6
0 3 7
19 21 6
22 2 10
2 5 3
12 14 7
19 23 1
20 23 7
0 4 3
1 4 6
14 16 4
8 10 9
14 16 6
0 4 5
2 5 1
19 22 4
16 20 9
10 13 4
7 11 5
4 7 6
2 6 10
6 9 3
0 4 4
6 9 7
13 17 1
3 4 10
11 14 8
9 12 5
5 9 10
1 4 6
8 12 2
11 14 4
23 3 7
0 2 2
13 16 9
6 9 4
2 6 4
20 0 6
22 23 3
19 23 10
19 23 1
0 3 8
18 20 5
16 21 3
23 1 8
18 21 8
14 18 7
17 21 7
23 3 8
2 5 1
4 7 9
9 12 1
21 0 7
11 14 2
0 4 9
16 19 8
23 2 8
14 17 3
21 0 1
23 1 4
21 1 9
13 14 3
20 22 8
1 6 4
11 13 6
18 20 8
0 4 4
2 5 2
16 20 8
13 17 2
19 21 5
9 12 1
8 12 4
15 18 10
6 8 7
5 11 1
1 4 6
8 11 2
1 4 4
3 6 1
19 22 6
20 0 3
0 2 9
11 16 10
19 22 10
4 9 2
6 8 3
8 11 2
7 9 4
10 14 2
4 7 6
7 9 3
14 18 8
10 14 3
1 2 5
14 18 8
19 20 8
12 15 6
7 8 10
5 8 6
13 15 7
1 4 10
4 8 5
16 19 6
21 22 1
2 5 3
4 8 5
23 3 3
0 2 1
8 11 9
13 16 5
9 13 7
13 15 7
11 15 1
10 11 3
5 8 6
0 5 8
0 4 7
16 18 8
22 1 1
10 13 1
15 15 6
9 12 6
13 16 8
0 2 1
11 14 3
8 11 2
10 11 9
2 4 8
15 18 2
8 10 1
22 2 4
7 9 6
7 9 4
17 19 1
7 9 9
1 5 8
14 17 2
19 22 4
6 9 5
0 4 1
14 18 1
23 2 2
12 15 3
17 20 10
13 14 3
19 21 2
15 18 3
17 21 8
10 13 3
19 22 8
16 19 4
17 18 2
13 16 2
9 12 10
9 12 1
6 9 1
2 6 9
13 15 4
2 7 9
23 1 8
15 21 8
11 13 9
15 19 5
16 18 9
4 7 6
9 11 7
14 16 4
16 20 5
16 20 1
6 8 1
0 1 1
21 2 3
11 14 7
5 8 5
15 19 5
8 11 9
7 11 10
12 15 2
2 3 3
13 17 6
13 16 2
17 18 6
21 0 4
23 1 2
21 0 8
4 7 3
17 19 10
21 0 10
8 9 5
2 6 6
14 15 6
5 8 4
4 8 7
18 20 3
17 21 6
0 4 8
6 10 5
15 18 8
2 5 6
0 2 2
9 13 1
2 6 8
11 14 1
23 2 7
22 2 8
23 1 9
20 0 2
17 20 4
14 17 3
8 12 3
4 8 6
16 21 6
1 4 1
19 22 1
21 1 8
12 15 4
18 22 3
12 15 1
12 16 9
3 7 6
20 0 9
12 14 2
16 20 7
4 6 1
20 22 9
22 0 9
20 23 10
3 7 6
0 5 10
10 11 10
16 19 4
0 2 6
5 6 2
11 14 2
1 4 2
1 5 1
0 2 9
8 10 9
14 17 8
12 15 10
20 23 1
20 0 2
6 10 5
16 17 8
15 18 8
20 0 3
23 3 2
9 12 6
23 2 4
23 2 4
21 1 10
9 11 5
23 2 2
16 19 1
20 22 5
4 7 4
18 19 9
16 19 1
2 3 8
15 18 10
4 7 10
14 17 6
2 6 5
11 16 9
20 21 2
20 22 2
0 2 6
1 3 5
19 23 9
14 16 7
23 3 3
14 17 10
9 14 9
18 21 8
3 6 9
23 1 8
16 19 4
19 21 7
6 8 10
22 3 10
18 22 6
2 5 6
9 12 9
5 8 4
7 11 9
19 22 4
7 9 5
22 1 8
22 1 9
19 20 4
4 7 9
4 7 4
2 5 9
4 6 4
5 9 7
21 1 7
8 12 10
4 7 9
22 0 7
5 8 1
12 17 8
1 5 1
14 17 10
13 18 8
16 18 4
11 13 4
5 9 5
21 1 7
5 8 1
4 7 8
17 21 8
8 10 2
11 16 7
23 3 4
17 21 2
11 15 4
1 3 6
22 0 1
14 18 4
2 5 7
12 17 3
21 0 3
3 6 9
20 0 7
22 2 4
12 17 5
16 19 7
7 9 1
15 20 10
3 7 7
19 23 9
7 11 6
21 1 6
12 15 5
0 4 9
13 16 5
5 8 6
1 4 8
3 6 5
10 13 7
13 16 9
20 22 8
10 12 6
21 0 1
17 20 9
18 21 2
19 20 7
9 11 6
8 11 8
22 1 3
12 14 2
0 4 3
21 23 1
16 19 5
1 4 8
19 21 3
17 18 7
17 21 10
12 14 6
5 8 4
0 -1 10
10 12 5
18 19 6
4 7 3
20 23 6
1 5 3
22 2 4
4 7 5
23 2 8
13 16 10
4 5 6
20 22 8
7 11 5
14 15 10
17 21 3
17 20 1
20 23 2
19 22 1
23 3 10
3 7 7
11 14 3
10 12 3
