100 8
8 3 4 4 4 3 6 1 
18 20 6
12 15 2
14 16 5
20 23 1
7 10 4
11 13 4
21 23 4
9 10 8
7 8 3
22 0 2
6 8 5
4 7 7
21 1 3
18 21 6
2 5 5
12 15 5
22 1 1
6 9 1
23 3 3
4 9 4
18 21 6
16 18 6
18 21 7
12 15 6
15 18 2
7 10 2
1 4 8
11 13 8
23 3 8
8 12 5
4 7 6
6 9 7
3 7 1
2 6 1
12 14 8
12 15 1
0 3 6
13 17 1
22 1 3
12 16 2
14 18 6
7 11 4
17 20 4
18 21 6
17 20 3
10 13 7
9 14 5
11 14 4
0 3 7
14 18 7
13 16 7
12 16 8
4 7 3
9 13 2
1 4 8
20 23 2
15 17 1
11 14 2
20 0 2
4 7 3
10 13 5
3 4 2
18 21 8
16 19 7
20 22 7
23 1 7
4 7 2
16 18 3
17 21 2
15 19 8
17 21 4
23 2 6
11 13 6
5 7 5
22 1 5
4 8 3
13 15 8
16 19 4
23 1 6
3 5 6
10 12 1
22 3 6
13 18 8
8 10 5
21 23 6
3 5 4
20 23 8
12 16 1
4 6 3
3 7 4
0 3 4
18 20 1
0 2 8
16 21 6
14 18 4
19 22 6
19 22 1
2 5 2
12 15 8
1 4 6
