1000 4
2 2 3 1 
21 0 1
8 10 4
0 3 1
19 22 2
22 1 4
18 19 4
13 15 1
2 4 3
8 11 1
7 10 4
19 22 4
1 4 1
12 14 1
12 17 4
0 4 4
18 19 3
6 8 3
17 20 3
14 20 4
19 21 4
7 9 1
14 17 2
3 8 3
5 9 4
14 17 2
2 5 2
7 11 1
5 9 2
15 19 1
3 5 2
11 15 3
6 10 1
4 7 4
2 5 1
11 14 4
13 16 3
4 7 3
7 11 3
4 7 2
18 22 1
9 12 3
21 23 1
14 18 1
17 20 4
22 2 1
22 23 3
20 23 4
0 1 3
23 3 4
10 10 4
5 7 1
14 16 2
0 2 2
2 4 1
4 9 2
2 6 4
6 9 3
2 5 3
1 5 2
17 21 4
6 9 4
2 6 4
6 9 1
8 10 2
3 5 3
14 18 3
17 20 4
1 5 2
1 3 3
23 1 3
15 19 4
7 9 2
8 11 3
5 8 4
4 7 1
10 11 1
21 0 2
14 18 3
17 21 3
8 13 2
22 3 3
12 13 1
5 8 4
22 0 1
2 5 4
6 9 1
5 10 4
16 17 3
15 17 4
2 6 3
13 14 3
1 3 4
11 14 1
2 5 2
12 13 1
20 1 2
7 10 2
11 16 4
10 14 2
12 17 2
9 11 3
12 16 3
11 15 3
19 23 4
16 19 4
1 4 3
8 12 4
4 7 4
3 6 2
5 8 4
0 4 2
18 21 1
9 13 4
23 3 3
4 8 1
14 17 4
8 10 1
0 5 2
4 6 2
9 12 4
1 4 2
9 12 3
7 10 2
22 1 1
3 5 2
2 5 2
5 8 2
21 0 4
22 2 1
17 20 2
12 16 3
6 9 3
18 21 1
15 18 1
21 1 2
14 18 3
3 5 2
8 10 4
6 10 4
5 8 2
6 8 2
9 11 1
7 9 2
16 19 3
6 11 1
6 10 1
1 3 4
16 18 1
5 6 2
8 10 1
3 6 3
13 14 4
8 11 1
12 14 1
23 5 4
0 2 2
18 19 1
22 0 4
7 10 3
13 18 2
9 11 1
17 18 4
18 20 2
4 8 3
10 13 3
7 9 4
15 17 3
9 12 3
21 0 1
8 13 1
10 13 3
14 17 3
3 6 2
22 23 4
21 0 1
14 15 3
16 18 2
23 2 3
16 18 3
16 19 1
3 7 2
7 10 2
10 13 4
10 13 2
7 9 1
23 2 1
12 16 2
13 17 4
16 20 3
4 6 2
17 18 4
12 14 3
20 23 1
16 19 3
14 17 1
16 19 4
18 21 3
11 14 2
9 11 3
11 15 4
7 11 2
9 10 2
19 22 1
5 8 3
18 22 2
6 9 4
20 0 4
4 9 2
0 3 3
17 20 1
1 6 1
0 2 2
1 4 1
14 17 4
19 23 2
23 1 4
21 23 2
8 10 3
7 10 3
6 8 2
22 1 3
6 10 3
0 3 3
3 7 2
21 1 4
9 12 1
2 3 4
3 8 2
15 19 1
8 13 2
21 22 1
13 15 3
15 18 4
17 21 1
1 5 3
20 0 3
23 3 1
0 2 2
13 16 1
0 2 3
10 14 2
10 12 4
8 12 1
12 16 2
23 1 1
3 8 4
9 13 3
14 17 1
12 16 4
20 0 4
6 8 3
0 3 4
7 10 3
5 9 1
21 23 4
15 18 2
6 10 3
15 19 2
5 8 2
22 1 4
14 19 1
4 5 4
19 21 2
23 3 1
15 17 1
15 18 1
5 8 2
14 17 4
13 15 2
15 20 1
4 6 2
20 22 4
9 13 4
4 5 1
22 1 2
19 21 4
7 9 4
1 3 2
22 1 4
13 17 4
0 4 2
9 11 1
21 23 2
4 5 4
18 20 2
15 18 4
6 10 1
20 0 3
7 9 2
18 21 4
4 9 4
8 12 1
3 6 2
1 5 1
18 22 3
12 14 1
2 5 1
4 8 2
14 16 3
19 23 4
19 21 4
3 8 3
15 18 3
5 8 4
3 7 2
17 20 4
16 19 4
9 13 3
12 14 1
9 13 1
9 13 3
19 23 1
2 4 2
13 16 1
4 7 1
6 9 2
17 21 1
6 11 1
8 10 4
16 19 1
20 0 3
22 2 4
6 9 1
13 15 1
7 8 3
3 6 1
1 4 1
8 12 3
19 23 4
21 23 4
15 19 1
21 0 3
23 2 2
22 1 3
20 23 1
16 19 1
18 22 3
15 17 1
5 7 1
8 12 3
2 5 3
7 10 2
21 23 1
14 19 4
5 8 4
5 9 3
5 8 2
12 13 4
20 2 2
16 18 3
1 3 1
17 20 2
12 15 3
23 2 2
22 0 3
20 23 2
9 13 3
11 13 3
14 17 1
20 23 4
16 18 1
14 17 3
7 10 3
20 0 4
6 8 1
14 17 2
0 3 4
11 16 1
4 8 1
5 7 2
23 2 1
15 19 4
3 5 3
19 23 1
23 2 3
5 8 3
0 4 3
4 6 2
6 9 2
11 12 2
12 14 1
22 1 1
1 4 3
1 4 3
15 20 2
10 12 2
2 5 4
8 11 3
2 5 3
18 20 1
19 22 4
6 10 1
0 2 3
2 5 4
7 8 4
10 13 1
6 9 2
6 10 3
17 20 3
15 16 4
13 15 1
17 19 4
6 9 2
3 6 3
22 2 2
17 20 2
2 6 3
18 21 4
9 13 4
17 20 4
14 17 4
16 19 4
17 21 4
12 15 4
9 12 3
6 9 3
18 20 2
16 19 2
22 0 2
13 16 1
5 9 4
11 15 2
10 13 4
19 0 2
13 16 4
22 1 2
8 11 2
10 12 3
19 23 4
17 20 3
8 10 3
19 21 1
17 21 3
16 17 2
10 11 3
16 20 4
7 12 1
2 5 1
22 23 3
22 1 3
12 15 3
9 12 1
9 11 1
22 23 3
12 17 2
18 21 3
4 7 3
9 12 1
8 12 4
9 13 4
22 1 3
19 23 2
3 6 4
21 0 1
3 6 4
10 12 4
11 14 4
20 0 1
2 5 4
5 9 1
9 12 4
14 15 4
6 10 1
5 7 3
3 5 2
3 8 2
11 12 2
9 13 2
4 6 2
22 1 2
21 0 1
19 23 1
23 2 1
19 20 1
15 18 4
12 14 2
11 14 1
6 8 2
23 3 4
2 4 4
5 9 3
2 6 4
2 5 4
2 5 4
1 3 3
9 12 1
13 18 4
10 14 3
17 21 4
21 0 3
21 0 1
1 3 1
22 2 2
8 10 1
17 21 2
1 3 3
11 13 2
15 18 3
20 0 4
13 16 3
21 0 2
1 4 3
19 20 4
19 21 4
2 5 2
16 18 3
21 2 1
9 12 3
3 5 1
18 21 4
14 18 1
19 20 3
16 19 4
3 8 1
1 3 3
17 21 3
23 2 4
12 16 4
8 11 2
21 0 4
4 5 2
15 18 3
13 16 3
10 13 3
18 20 1
17 19 4
17 22 2
11 14 2
1 5 2
8 12 1
9 13 3
19 21 4
7 9 2
10 12 1
21 0 3
11 15 2
5 8 1
21 23 4
19 21 2
13 17 3
12 17 3
0 2 1
13 15 4
13 17 4
8 9 1
14 17 1
14 17 1
1 5 2
23 3 3
0 2 1
12 15 1
23 2 3
21 23 3
21 0 3
10 12 1
22 1 3
2 5 1
21 23 3
8 11 1
8 10 4
1 4 2
8 10 4
8 11 3
10 14 3
0 4 1
2 6 3
0 2 2
10 13 3
19 22 4
16 20 3
13 16 2
17 20 4
10 13 2
1 3 3
22 23 1
14 18 1
15 19 3
13 17 2
13 16 3
2 5 1
2 6 4
21 1 1
12 13 3
10 14 4
3 6 2
14 17 4
4 6 3
19 22 4
17 21 2
18 21 4
3 7 3
20 20 3
8 11 3
9 13 3
15 17 1
9 11 2
13 18 2
18 22 4
8 10 1
9 13 4
6 9 4
20 23 1
2 5 3
20 22 3
9 11 2
8 12 2
7 11 3
10 13 2
21 0 1
9 10 3
23 3 2
21 1 4
11 13 4
3 6 4
15 19 4
1 3 2
17 20 2
18 21 2
2 5 2
15 17 1
21 0 2
15 17 1
18 19 3
5 9 1
14 17 1
20 22 2
4 6 1
4 6 4
2 5 4
6 9 3
10 11 3
7 11 1
21 2 4
21 0 1
7 9 4
23 3 1
5 6 3
8 11 2
3 7 1
18 22 4
3 7 3
17 19 2
4 9 2
10 13 2
9 12 4
15 18 4
16 21 3
20 22 1
7 11 1
11 14 4
5 8 4
2 4 2
6 9 2
1 2 3
15 17 4
8 10 4
8 11 1
15 19 1
17 20 4
22 2 3
7 10 1
3 6 3
16 20 2
16 21 1
10 12 1
1 4 2
21 3 3
14 18 1
5 8 2
15 17 1
19 22 2
5 6 4
12 14 3
6 8 4
2 4 2
16 19 3
22 1 3
19 21 4
0 4 1
15 17 3
17 19 3
6 9 4
4 5 1
6 8 3
18 22 1
16 20 3
23 3 2
23 2 1
17 19 4
2 4 4
18 20 2
5 8 2
22 2 1
2 4 3
20 23 4
9 10 2
11 13 4
6 7 1
2 5 1
19 22 3
20 23 2
1 3 2
21 23 2
20 23 4
13 17 2
0 3 1
16 19 3
7 11 2
1 4 2
7 11 3
21 1 3
16 18 4
20 23 4
19 22 3
10 14 3
19 23 3
10 12 4
2 5 1
11 15 1
0 4 1
14 18 1
22 1 2
20 23 4
9 11 3
22 23 4
8 13 2
13 15 2
2 5 4
9 13 3
8 13 4
15 18 3
23 1 4
20 23 4
9 12 2
20 23 3
17 22 3
19 21 4
1 4 4
9 12 4
18 21 3
8 10 3
17 20 1
14 17 3
2 4 1
3 5 2
13 15 4
0 5 4
23 1 1
2 4 3
7 10 1
17 19 1
0 1 3
1 5 3
5 7 2
14 17 4
2 5 1
3 5 1
8 12 4
13 16 1
9 14 3
14 19 2
18 21 1
22 23 2
10 13 2
7 10 2
9 12 2
10 14 2
16 19 1
4 7 3
9 12 2
2 4 1
22 2 2
14 16 1
17 21 2
12 16 4
0 4 1
3 6 3
19 21 3
22 2 2
8 9 3
4 8 4
19 22 1
21 1 2
22 0 4
5 7 3
8 12 1
1 4 2
17 18 2
15 19 3
12 15 2
22 1 3
1 4 3
20 23 4
14 17 2
7 11 3
13 16 3
19 20 4
15 17 2
21 1 3
4 7 4
15 17 2
18 18 4
4 7 3
14 17 3
19 23 3
7 10 2
12 16 2
21 1 3
8 11 2
21 1 2
12 15 2
10 11 4
21 2 2
6 7 3
18 21 4
3 6 2
3 6 1
1 5 1
14 17 1
21 0 4
15 17 2
1 3 3
17 22 4
23 2 3
18 21 4
12 16 1
12 15 2
8 10 1
2 6 1
11 14 4
7 8 3
7 11 1
2 6 3
11 14 3
21 0 3
1 4 1
22 0 1
4 7 1
19 22 2
18 20 2
23 2 1
0 2 4
15 18 4
20 21 1
17 19 1
16 21 4
3 7 4
8 11 3
1 2 1
9 13 4
23 2 3
2 4 4
1 4 3
5 7 4
18 22 1
1 4 1
3 5 3
16 18 4
19 22 3
2 4 2
4 7 2
19 22 1
21 0 2
8 11 4
22 1 1
12 16 3
23 1 2
22 1 3
3 7 2
3 6 1
12 15 2
7 10 3
2 5 4
8 12 2
1 6 4
17 20 1
11 14 2
2 6 1
9 13 4
12 15 4
5 9 4
13 18 3
18 22 4
19 19 2
16 21 4
7 10 1
5 9 2
4 7 4
2 5 4
21 23 4
1 4 4
7 11 4
7 9 3
16 19 4
21 1 4
17 20 4
16 19 4
23 2 1
2 5 4
9 12 2
22 2 3
15 17 4
11 14 4
21 23 1
20 21 1
17 20 3
0 3 3
17 18 3
23 1 2
15 19 2
15 17 3
17 20 3
7 9 4
14 16 2
22 1 1
17 21 4
18 22 4
8 11 4
7 9 4
19 22 1
9 12 1
21 23 1
22 2 1
16 20 4
23 2 1
19 21 3
23 2 1
11 14 4
6 9 3
8 10 1
7 9 3
3 7 1
0 2 4
8 13 3
21 0 2
3 6 3
3 6 4
15 18 1
18 20 3
3 6 1
0 1 2
2 5 4
0 3 1
6 8 1
14 17 2
8 10 2
5 10 4
16 19 2
5 10 4
5 7 1
23 2 4
17 19 4
15 17 3
10 14 1
21 22 2
4 7 2
8 10 4
19 21 1
10 14 4
0 2 1
5 8 3
18 21 1
6 8 3
0 2 4
1 4 4
9 10 2
20 23 4
20 0 1
19 23 4
15 17 1
21 23 3
3 5 2
1 4 3
4 5 3
20 23 1
23 1 1
16 20 1
12 16 3
11 15 4
13 17 1
19 23 4
15 17 1
0 1 1
3 6 2
11 14 1
14 16 2
13 15 4
19 21 4
9 12 1
4 8 2
15 19 4
5 9 2
2 7 3
0 4 3
21 1 3
5 8 2
15 16 4
21 1 2
0 6 1
22 1 4
