100 6
5 6 5 3 1 2 
1 4 2
2 5 6
23 2 4
16 18 4
8 12 5
5 10 2
10 13 4
9 12 4
20 0 4
10 14 2
21 1 3
11 13 5
17 21 4
11 15 4
6 9 2
6 10 2
12 15 5
8 11 3
20 1 2
5 9 2
7 10 1
6 10 4
5 8 3
17 21 5
15 17 4
22 2 6
2 7 1
14 16 6
5 7 2
0 4 6
4 7 3
14 18 1
20 0 4
15 18 5
9 12 6
5 7 3
11 13 1
7 10 3
10 12 3
15 19 3
12 14 6
12 14 6
14 18 3
2 6 2
17 20 2
3 6 1
17 21 4
17 20 2
7 9 1
7 11 6
14 18 3
7 10 6
13 17 2
14 16 3
8 12 5
19 21 5
13 16 4
2 3 6
0 3 2
14 17 5
10 14 1
23 1 6
15 17 4
22 1 3
2 6 1
23 1 3
8 12 4
12 15 2
20 22 1
21 0 1
13 16 2
20 23 6
17 21 4
17 21 5
9 13 4
15 18 2
4 8 5
20 23 5
3 6 2
10 14 5
15 19 1
15 19 2
22 1 2
22 1 4
11 16 6
15 17 1
15 19 1
12 15 6
12 16 4
3 6 1
20 23 6
23 2 6
12 15 4
21 0 2
2 5 1
11 13 3
18 21 3
13 16 2
16 19 1
1 4 2
