100 10
9 4 10 1 7 5 3 4 3 2 
1 6 2
9 12 5
22 2 1
13 17 6
16 18 5
3 5 1
4 7 10
8 9 8
23 3 2
7 10 8
21 0 3
13 16 6
11 14 3
4 6 4
11 15 2
8 12 8
20 0 4
12 15 5
13 17 3
11 15 7
4 7 6
7 10 1
6 10 4
14 18 1
12 14 9
4 8 2
10 12 1
15 17 2
16 18 8
15 16 9
19 21 3
22 0 9
3 5 2
10 10 10
15 17 7
4 7 1
22 2 7
14 18 7
17 21 2
17 20 4
8 11 1
12 14 7
21 0 5
6 8 3
20 22 1
12 14 5
9 13 2
4 7 2
10 12 1
20 23 7
8 11 3
14 18 3
20 23 9
5 8 6
20 0 2
13 15 3
23 4 9
14 16 2
4 7 2
21 1 3
19 20 1
6 7 7
14 17 2
21 0 8
21 22 1
3 9 6
7 9 5
23 1 10
22 3 8
4 8 1
7 12 5
14 17 8
4 6 4
7 10 2
14 18 4
18 22 1
7 10 5
7 10 8
9 10 9
0 3 5
21 0 3
8 13 2
9 12 7
1 5 3
9 12 5
22 1 1
2 4 9
8 9 9
15 16 5
0 3 9
2 3 3
17 20 7
10 14 6
12 15 10
1 3 7
8 12 1
4 6 9
0 4 3
17 21 9
18 20 8
